[GOS]
IP=127.0.0.1
PORT=5972
ID=0
TIMER=500
WRITE=60
UPDATE=20
RULE=60
NGCG=3
LONGITUDE=-128.422234
LATITUDE=35.231600

[GCG]
IP=127.0.0.1
PORT=5000
ID=1
TIMER=500

[GCG-1]
IP=127.0.0.1
PORT=5000
ID=1
TIMER=500

[GCG-2]
IP=127.0.0.1
PORT=5001
ID=2
TIMER=500

[GCG-3]
IP=127.0.0.1
PORT=5002
ID=3
TIMER=500

[DATABASE]
LOCATION=127.0.0.1;open;root;

